v = 1:10; 
w = 1:2:10
